"","1","2","3","4","5","6","7","8","9","10","11","12","13","14","15","16","17","18","19","20","21","22","23","24","25","26","27","28","29","30","31","32","33","34","35","36","37","38","39","40","41","42","43","44","45","46","47","48","49","50","51","52","53","54","55","56","57","58","59","60","61","62","63","64","65","66","67","68","69","70","71","72","73","74","75","76","77","78","79","80","81","82","83","84","85","86","87","88","89","90","91","92","93","94","95","96","97","98","99","100"
"1",0,0.686736389673371,0.935545401181436,0.894526369363525,0.753319371142315,0.879861057201324,0.904189740997114,0.941192387449915,0.813404509680152,0.879378754468069,0.793249137037088,0.541572130608088,0.858725666732302,0.773416492692445,0.974952796332103,0.955029383040396,0.980156803156929,0.93765593626289,0.966880306882343,0.969131230094058,0.937010150186352,0.974604863990916,0.935686402420745,0.632123447882072,0.961464883619853,0.962937475447105,0.951477985012192,0.943538319187229,0.923144316888119,0.90753661364516,0.962399622824547,0.906789100009376,0.97248366656926,0.966527810988761,0.7486283026067,0.926651116583162,0.894574618862577,0.916138779743894,0.936381582538748,0.95265788192425,0.958977304715554,0.951195941691229,0.946966506682665,0.901381108374023,0.945675034496427,0.906312180226236,0.908737851460837,0.934627604584017,0.937906447968082,0.940797456162228,0.938022055428704,0.910437080629807,0.952892120746303,0.953371572524857,0.892909686945324,0.939652681127554,0.879415174354903,0.926772532386159,0.961510712881184,0.903699288063311,0.969485125443028,0.936362645168619,0.950019624260056,0.939563462224206,0.956936509353237,0.959385134693306,0.959959716461216,0.947288940331625,0.940729798898702,0.95501962961713,0.953007532351035,0.960800794429183,0.9545979553552,0.9469542310438,0.965701372273967,0.968872951782193,0.931058046269025,0.949479732607833,0.951165863005574,0.952439852106429,0.927862164550422,0.969145054461055,0.976600934068412,0.940902510550552,0.959737435311696,0.964268376952972,0.961760757572331,0.975041647125363,0.954266124544123,0.941705610145349,0.951109233927812,0.896457427799079,0.920536322122965,0.960116474669199,0.969816424841874,0.966721305294432,0.944983358335128,0.93835566733147,0.964146724270803,0.972965219440745
"2",0.686736389673371,0,0.946305365604523,0.832195296834412,0.786808442734346,0.862993026156971,0.865297280332307,0.890354934413748,0.759166073850552,0.818752571892005,0.758165278919418,0.672853171794035,0.780498464043827,0.747144263695052,0.869240629307582,0.860093517160991,0.863316426687869,0.831544732847087,0.854789382175837,0.862655431459103,0.883404218649116,0.85999542834751,0.854343630231725,0.709072617211467,0.861939920931984,0.862473494516286,0.850124893436283,0.85889186974246,0.827191973333748,0.831579866683429,0.867092986390478,0.853709272872123,0.873573776270119,0.859078906448141,0.724969077502863,0.843623218101729,0.799863610611258,0.80230281358466,0.85875028204857,0.849821825899079,0.868561891027131,0.835022624362873,0.836651247811618,0.783125303136662,0.843426712499784,0.810124041192513,0.799857969013691,0.83448961628834,0.861525479205384,0.888317575128876,0.846548354406726,0.829292551530207,0.845148250882709,0.857049351960431,0.788894017647374,0.832964601769911,0.784382145842145,0.830539834509984,0.856475710286094,0.786027252064288,0.863363402866676,0.841056279267993,0.834934105901995,0.838410668554,0.857712837853374,0.848830017928866,0.844006709029676,0.829903077514516,0.82720405345246,0.856838533313382,0.847548029332192,0.854698534753495,0.828606782053985,0.825224161552674,0.858246863112678,0.861428027462286,0.816241759672305,0.852348255904882,0.841443890994933,0.844819628094541,0.846073510311943,0.854581647854928,0.864802144969091,0.820422815275932,0.841475735204212,0.842044798381627,0.855241660911368,0.883237007846872,0.838812552479945,0.820561972014456,0.841177713378763,0.808885483174824,0.828439288993295,0.852833990203671,0.852618827506596,0.857021788443232,0.830211140633909,0.82714996854072,0.847665107293319,0.863735731930932
"3",0.935545401181436,0.946305365604523,0,0.925220329368923,0.926574509535094,0.91340740116407,0.922895481022307,0.842922185628335,0.896737744930707,0.879554736224769,0.855197633877113,0.860165955489418,0.857304551753652,0.861191375762889,0.805786782087877,0.799857159843713,0.81449270778326,0.803936548848029,0.795101277467838,0.796295326049959,0.820141313413294,0.797743606045461,0.797781645696053,0.824649000825728,0.798059609201056,0.803378796811681,0.786533741110992,0.801811877435627,0.83838730810875,0.792660386398055,0.815627919100018,0.822216849900697,0.803595233533396,0.789803196327566,0.799683973518486,0.792360745400313,0.811526442099124,0.813117259023904,0.790089319631953,0.797509972614267,0.837817299359379,0.808504503715263,0.804016309084165,0.814059607584009,0.853615206801345,0.788923128718256,0.803777112802203,0.792552764492555,0.842111329803485,0.896270861750068,0.805125534473423,0.829322868149044,0.810927644872681,0.831692379545749,0.816885087058755,0.790814653500956,0.793196018671311,0.778607365708871,0.792963789197584,0.794341801265663,0.794346247323512,0.803034022465298,0.793860506609342,0.805204035396225,0.810248038914019,0.798488905733555,0.793941607917911,0.791676373406777,0.793571730772126,0.792402583513645,0.797102190012456,0.801152541507728,0.800549962870369,0.798376978441949,0.803001684370312,0.796331688369817,0.80055816177926,0.806446537781479,0.80095761578465,0.806431395752319,0.808827795216581,0.788306655132732,0.794921967036522,0.797563733464777,0.792936151035427,0.781699557041306,0.799241072339237,0.823188080703781,0.739483698548966,0.793139570628704,0.785618997005806,0.786162343749962,0.78933285683822,0.791925533741517,0.793156077031747,0.789940272048691,0.778495434282084,0.789611089030144,0.78615208233396,0.789643077899526
"4",0.894526369363525,0.832195296834412,0.925220329368923,0,0.865944313684204,0.8862494035813,0.864406414958102,0.853172159722966,0.772130587752657,0.826911701645661,0.789329928305909,0.84066217844518,0.828675684372212,0.809607788125282,0.831901679693349,0.835496250222234,0.833533909460429,0.810000599719672,0.830689038230296,0.829321512885691,0.839947697217205,0.827362734973758,0.823858777884696,0.829097940814493,0.824100896517514,0.818629799940683,0.843962295413694,0.824896471527481,0.849670112843682,0.827730730316675,0.847760042659066,0.863900525657122,0.829228012095614,0.827896317896117,0.79901383318844,0.816450045044709,0.809447355513853,0.799257905034282,0.821573751431442,0.808776434318272,0.841105369391596,0.819264619299854,0.8131411528392,0.779532484742289,0.855050545664115,0.808704965375927,0.79996997401628,0.814947732581627,0.848267757826294,0.884154994322483,0.808081819461573,0.817121867954518,0.825260435422497,0.838544160791626,0.797043676623887,0.807309006110702,0.808539874123918,0.806505627065889,0.816848357203543,0.791216609021374,0.825707841255814,0.822243977391136,0.809530219598145,0.820435119579432,0.838803577268195,0.823329748012554,0.813875757394299,0.783760760455722,0.815268128362493,0.80785563393936,0.826541707370744,0.823832969900859,0.815649064272894,0.804764963972585,0.827892559266513,0.822964623966649,0.806534739918805,0.819224390563798,0.782110035754949,0.827848807412513,0.817968766774787,0.821787623273298,0.826195765401648,0.810773533308888,0.813191024418869,0.819663338415534,0.826754640490922,0.855283181728667,0.815858913476497,0.801156084848522,0.815613126517398,0.795127775771161,0.813858547612785,0.811247987794146,0.820715058633659,0.821395757025252,0.795889881012345,0.806072873279854,0.819038698158421,0.826517346824374
"5",0.753319371142315,0.786808442734346,0.926574509535094,0.865944313684204,0,0.847195069332728,0.875769599584717,0.875585268305803,0.79214260179975,0.853550402683105,0.698925684612279,0.604351419582525,0.866433142293285,0.762058989497162,0.880160087243425,0.880861168358961,0.861858309222426,0.866835235342601,0.869126339076149,0.8763892277925,0.865455858610537,0.885278892176725,0.859503848166458,0.818377030698811,0.88035508494549,0.876648612960846,0.865865066331632,0.875465327343124,0.835782213046215,0.853250233855473,0.856626233616554,0.83064301959338,0.879093615606962,0.860391702964545,0.793662197794081,0.848551676954667,0.83622911335998,0.844446013398348,0.855911811625139,0.862175648577549,0.890536959567205,0.860256985208972,0.863220943338961,0.82963092797152,0.870039402146987,0.848606895913605,0.840219021327814,0.867335765352196,0.857554912149582,0.903940535577193,0.850485368345488,0.8515031815922,0.867040373901814,0.886633544706711,0.826537918675736,0.859803378102477,0.78812730683602,0.851168065040134,0.87583026523484,0.820300817509239,0.879072678187941,0.869124971313372,0.864601696658298,0.8626223627858,0.864627147900366,0.867023186751916,0.870989665165846,0.860439128408109,0.851832164042889,0.85916636675177,0.865402861961134,0.874236904491358,0.85716536783182,0.862554188713828,0.878730958344081,0.877094254410664,0.845690596620971,0.866349000225481,0.865831242123009,0.865513473758607,0.863036513399869,0.873629591991974,0.88282561422069,0.860986188139823,0.868294330536778,0.868431562210073,0.869556351352752,0.898188011411764,0.85992199557551,0.84688595005056,0.865646918622553,0.829096152462946,0.84822667381264,0.867026553227139,0.877850610465882,0.870727633687122,0.846595906740221,0.8487987624916,0.852111019768701,0.875890576916751
"6",0.879861057201324,0.862993026156971,0.91340740116407,0.8862494035813,0.847195069332728,0,0.274249755743753,0.878188537891959,0.798658850880283,0.81293104896429,0.805682451433177,0.812172419230799,0.838177321187453,0.816694542857384,0.820757236189379,0.832707122954051,0.83603271360966,0.827774328424463,0.821370309526874,0.839868259938234,0.850423932873635,0.832889529431397,0.821636753578035,0.842572764062773,0.834604646074009,0.831747713419279,0.815716772110746,0.823849271500925,0.842427656220395,0.829319434170857,0.84978068592194,0.848789786480425,0.820344077384409,0.821978483397969,0.81132009259448,0.843278766289544,0.821945609008262,0.812094341627629,0.844177423329087,0.824085284431966,0.857391269211119,0.825405080298387,0.817831258908986,0.813973102556813,0.860673072291198,0.797307570501279,0.81053880464183,0.82105328351522,0.836934388957308,0.903323621539323,0.810209545405707,0.824556133990184,0.830802055219302,0.838845375082927,0.815297331086314,0.810188254988303,0.804031863428045,0.809887944633186,0.817555335317259,0.805185192258402,0.825995970000727,0.826152453765364,0.81398107332556,0.804481715902199,0.836697728155322,0.823120508796426,0.8146780660293,0.802088272848909,0.798629176061665,0.824206228259965,0.823284251851298,0.829377232487523,0.799989436748926,0.805891558440526,0.818543317393031,0.82381250033347,0.809249589109388,0.820594129123705,0.817608167009101,0.811650717383336,0.818764251579048,0.821322531297151,0.827626685301271,0.7996526238651,0.823885622475305,0.813681603661381,0.824208607330434,0.854508484159594,0.81958999767721,0.800291119879985,0.81435238772222,0.802481912272098,0.817215135126938,0.819217018634422,0.824072676517511,0.817567058125843,0.801570375881699,0.805109508696153,0.823920379320032,0.818536915604209
"7",0.904189740997114,0.865297280332307,0.922895481022307,0.864406414958102,0.875769599584717,0.274249755743753,0,0.816310291992215,0.780880122317551,0.808145293859957,0.762394030160775,0.803371731053651,0.769453556497792,0.80219900006307,0.739471789715161,0.754996138708719,0.737611146329376,0.742583268487393,0.734258477649745,0.749305995937906,0.818381643234176,0.743976594923447,0.739081888239971,0.767600129730736,0.74793704290663,0.738501876474087,0.749013457766739,0.75121697258795,0.810436411953801,0.778761426912273,0.777828632623846,0.803196806042848,0.740047521594198,0.74401443706826,0.721661752360967,0.775055254602905,0.754279654244768,0.730099195103893,0.783410669803519,0.73875163897922,0.781127690420478,0.741259071455853,0.732833485149284,0.733255042870695,0.796940211994017,0.719219834219452,0.728722138401715,0.73621988285182,0.759782274747849,0.871976174415607,0.729426063845945,0.760683917311543,0.735139415161699,0.760122046713016,0.733442034116216,0.724240658793497,0.713359030213188,0.718267726005956,0.731466076093381,0.716544828770455,0.733522606566493,0.749859192425793,0.729269904724222,0.718930875250959,0.758900301404602,0.727666601766357,0.723915648876339,0.713406189122889,0.715612628840403,0.733654614069568,0.732265485862713,0.733127567892189,0.711090157604175,0.714911976026623,0.728593429459517,0.73105878870628,0.725207603931334,0.733454008343287,0.728125484916991,0.724452301048503,0.733040448819624,0.728765926940853,0.731856104048605,0.711270625566647,0.733157721465339,0.723062606202415,0.743032660909173,0.78331937103765,0.735182933995307,0.713471241870492,0.725115265212114,0.714939661084307,0.731043679108347,0.729187446688049,0.732190587728904,0.730379957448689,0.719335050847199,0.718395036303108,0.7323310560943,0.728515511777918
"8",0.941192387449915,0.890354934413748,0.842922185628335,0.853172159722966,0.875585268305803,0.878188537891959,0.816310291992215,0,0.805051446313976,0.764742881192331,0.694455620262306,0.771914031553277,0.643861850469003,0.691687249460541,0.489501461740614,0.520841518858684,0.491208808820355,0.511031049082193,0.463046190893313,0.489494671752764,0.62456484417535,0.471937342186386,0.505500918664288,0.588220912112174,0.473089654955703,0.471191466905471,0.522688871416389,0.534592190953811,0.660594340148336,0.600803814809023,0.544341632238876,0.605166039310329,0.500565785225872,0.498025808569964,0.511509214822886,0.566170380774645,0.59317941426454,0.5325934717254,0.5954551087512,0.518583013651839,0.582913723482135,0.497874198715175,0.494031633718645,0.549723713986581,0.616691733569564,0.484164691423929,0.50858846034217,0.527049443707324,0.609461098077129,0.771357385010113,0.478016158803301,0.56982096535475,0.48008403182615,0.534020671426741,0.568767454165852,0.479185938465301,0.466392123300582,0.482708917202514,0.479164373282534,0.512372871744558,0.464129688901063,0.517162109802407,0.475365979078668,0.507964758379538,0.515196276612973,0.458781807088454,0.459436755519146,0.422393666252344,0.466618014336281,0.460808176930609,0.474411062308757,0.478963910913977,0.477117422170583,0.468272460554289,0.481324802298091,0.451696552950233,0.484788347261394,0.481350409691041,0.468554608455421,0.473787534423406,0.487728124085767,0.451400047816254,0.450670038517161,0.481758728550684,0.474118665794024,0.454822355713661,0.492541985687528,0.558576850418706,0.462935479202436,0.435302663248307,0.45820731174414,0.497142000447279,0.485909249355368,0.458334995549341,0.448206926941577,0.456159780595845,0.464047001959452,0.476932062361451,0.467754862604122,0.451506524136669
"9",0.813404509680152,0.759166073850552,0.896737744930707,0.772130587752657,0.79214260179975,0.798658850880283,0.780880122317551,0.805051446313976,0,0.74971035692594,0.689637549558158,0.734193469653162,0.762422743049478,0.70010747803558,0.745566101238849,0.754837513061712,0.738443636610309,0.743966645998871,0.738262462694158,0.747495763873663,0.787458436690518,0.744955425054961,0.729109295455042,0.73741610738255,0.745583936488539,0.73878685548816,0.744475796055621,0.753377057260414,0.800288502936203,0.741733973091184,0.775933808847519,0.778729648881098,0.753474046854207,0.749187104329805,0.679224751979013,0.749544317110332,0.704251875422676,0.677501248902165,0.726173294198985,0.711653553540709,0.765822182121111,0.723276291920277,0.716096456613546,0.671536491170961,0.791611903733297,0.71913186367781,0.68913887635866,0.698533236816259,0.772980817407787,0.837205544902453,0.728587891663773,0.706456497165075,0.736286500944748,0.765693250111016,0.681444801802076,0.697512588756293,0.681561935802308,0.696141513415978,0.738993738884473,0.661315660036946,0.742647958282315,0.739968045309991,0.71293590165599,0.71100527180358,0.753338561911079,0.721745676455943,0.70962572975621,0.667530811276641,0.709955076278724,0.728307067560582,0.733328218659277,0.739728657858861,0.720233650676241,0.714801283910293,0.741195504767157,0.730914646682445,0.697190534736714,0.732628313752552,0.684389815012665,0.722860764349441,0.718890204425243,0.733154866553031,0.737860267816166,0.705494821536386,0.736998682778793,0.723577636519077,0.750574177834043,0.786985703259807,0.732436991025544,0.6827828834257,0.716065875305069,0.685924589140959,0.714109271922337,0.735669328340784,0.736107530107008,0.728361186973655,0.710202633255763,0.701134696228121,0.739434556907886,0.736869969902975
"10",0.879378754468069,0.818752571892005,0.879554736224769,0.826911701645661,0.853550402683105,0.81293104896429,0.808145293859957,0.764742881192331,0.74971035692594,0,0.716971022959605,0.783893738323961,0.722924119109866,0.75903061256474,0.63415550360801,0.662539505531457,0.637970945464049,0.62057919213675,0.592920352479788,0.635656190551763,0.723617221672197,0.630494708026863,0.627282806022178,0.695593677342359,0.630680441356085,0.637856100747591,0.618309028397577,0.639893101823253,0.714120926007184,0.694052693324932,0.651017545314213,0.668092956836035,0.642961901732754,0.633040388409379,0.609145911980892,0.67614463786384,0.657441946064149,0.605156892626906,0.688066706806378,0.619187523062915,0.700812866623346,0.630630119626503,0.603071625354807,0.6268610552491,0.70266057347775,0.617813926556412,0.611513791198747,0.637146943900682,0.684032810862009,0.825257231410211,0.602533802636583,0.667587955624773,0.637541441942252,0.664800620615611,0.644310315703208,0.603197594892139,0.585059409937735,0.60581147652478,0.6214447930273,0.583195710447168,0.616956537801195,0.63495256753845,0.595595185777027,0.609483807327917,0.639890912379504,0.597908277701259,0.597215369239575,0.588032955748475,0.555722473153568,0.616958634076285,0.61393447431751,0.613054886341737,0.562031793662481,0.576011286061987,0.603684665918532,0.610172264111023,0.577759908216517,0.599993469227817,0.605560872733233,0.572239390183423,0.619593745002253,0.603048202347068,0.609550300739633,0.561148317013358,0.613484639592255,0.585822490120111,0.617602639482391,0.680093080684971,0.609943098479385,0.593853041830708,0.605729642956166,0.599920977075871,0.622963026344981,0.619250460300564,0.603846038192055,0.607714156749199,0.607887497484194,0.595413203143657,0.608829012770585,0.610555970865848
"11",0.793249137037088,0.758165278919418,0.855197633877113,0.789329928305909,0.698925684612279,0.805682451433177,0.762394030160775,0.694455620262306,0.689637549558158,0.716971022959605,0,0.624062041214855,0.607624146934792,0.563587126296125,0.503381322378635,0.546017395988268,0.51628691577253,0.499428244524461,0.487580233749719,0.517124514815195,0.647551223399254,0.502749756776506,0.522423167076017,0.553853977489853,0.503577310439897,0.495264761522572,0.526369947397213,0.533489916075489,0.67296531544231,0.597678695820645,0.574797046214585,0.643784549227793,0.51642076861826,0.517358686280407,0.449025375037993,0.56875256826661,0.557427238181499,0.512700412225233,0.583970470980496,0.523775194814424,0.592426289416804,0.503767587295585,0.507220634529913,0.52787199901011,0.62538106992773,0.458652449230268,0.50063255982668,0.512164515773619,0.615036470911406,0.776289117137366,0.491861868982992,0.550564150013376,0.505891107193184,0.553547588462406,0.530813818840809,0.473373074488995,0.439707887518782,0.47090649901698,0.488483207666481,0.468364033086532,0.485082651406566,0.52230678746902,0.480127107802761,0.499726048774648,0.53570302218375,0.476909840802472,0.463634452403128,0.457699077191659,0.474612299726718,0.483291736373106,0.49278373019834,0.488802077370499,0.474150158010727,0.462468916059314,0.492086608182938,0.474502427246035,0.470269122660862,0.493808242383801,0.488295990711661,0.479405501038992,0.490589393279292,0.470798626994187,0.477838125633815,0.476025649397016,0.48277254062369,0.473149865268351,0.494859741825997,0.576710375663578,0.490271745544364,0.445639520800233,0.476722058570262,0.49413908124716,0.482376605471474,0.482104363410609,0.477490495625463,0.475708044067619,0.468716593486075,0.482897908155462,0.48321922410626,0.471215986869163
"12",0.541572130608088,0.672853171794035,0.860165955489418,0.84066217844518,0.604351419582525,0.812172419230799,0.803371731053651,0.771914031553277,0.734193469653162,0.783893738323961,0.624062041214855,0,0.684504714671887,0.623715099460922,0.707227611388641,0.709993141786524,0.706643359146254,0.698381833555402,0.688545430603219,0.70338809422215,0.72058214244909,0.696191609671588,0.687633121968673,0.532268619251558,0.704035196150524,0.706308620987778,0.70072976869183,0.716920660181452,0.750925264238525,0.712556283970109,0.725959235046147,0.739331484002639,0.71230340983651,0.706629204898998,0.557648094681366,0.724819043775068,0.694904729704138,0.684427853532388,0.736927478315024,0.702926819245013,0.754134263940295,0.696015972075873,0.696645052823276,0.686457867377751,0.766568019900268,0.63715620190918,0.677687526990322,0.7037132990349,0.750297929935993,0.835592794871867,0.687190197694062,0.716978549031892,0.690934033899524,0.733827233952706,0.677488706201778,0.677068981435864,0.600566849640749,0.671068833048578,0.689505993412834,0.66022091252173,0.698861988703754,0.701677307461895,0.681290741691668,0.685473478803671,0.710224760819064,0.686873573316706,0.681568382461308,0.668669663468503,0.676530004756648,0.694600413535605,0.688793162725639,0.698252043084054,0.683577750582289,0.681183703851791,0.698922090592379,0.692646235206155,0.668253802098552,0.693335555880503,0.67643174332205,0.686584490352994,0.694156081271173,0.692447948685434,0.696607821264623,0.671551221765621,0.698204427282482,0.684102888191952,0.703402379887144,0.744413417964795,0.687753097174678,0.651781126716634,0.675491864826734,0.656498388519402,0.675049597530196,0.690226950926135,0.694486336875342,0.688222892503861,0.676953480226563,0.667033153788962,0.68350782136201,0.689414118199305
"13",0.858725666732302,0.780498464043827,0.857304551753652,0.828675684372212,0.866433142293285,0.838177321187453,0.769453556497792,0.643861850469003,0.762422743049478,0.722924119109866,0.607624146934792,0.684504714671887,0,0.607482241462328,0.423732824600995,0.477657099920792,0.429009729033269,0.443642891784423,0.404094728347277,0.420328788492742,0.600861474893511,0.416841530338445,0.454141563675263,0.474326184333616,0.418201915619335,0.420270404355553,0.465943340450412,0.470833333333333,0.616030889580188,0.557866188445808,0.497663667838462,0.590765326205182,0.439055641265234,0.430755526432415,0.401354243839592,0.506607714450975,0.536386867560031,0.478165865681982,0.545631500830168,0.460766188745283,0.537682820379907,0.435755289769363,0.436889443475653,0.476271068470945,0.581981664978027,0.373004823926314,0.441304806371424,0.472180146287017,0.556752158480066,0.756445570641321,0.424228046383062,0.518145094790803,0.430978928033745,0.487682355837451,0.504753131178152,0.413617325374224,0.376184539592665,0.419677632721403,0.416650186609886,0.424870633078725,0.40249938351268,0.457636772823107,0.409470983835392,0.439719803285821,0.451706685674168,0.393390386979098,0.39059994990759,0.393933201878557,0.404849171338321,0.407221161516563,0.410131285917369,0.403750593925752,0.40367490940566,0.393328905804799,0.411944104857975,0.394315117300737,0.411741672515594,0.42532527941212,0.417694832429772,0.405477722717317,0.424396200834515,0.390166192212369,0.39131500174458,0.394983408858366,0.410202382627475,0.401392220771923,0.438215050812807,0.505638669600491,0.404409138875426,0.387580615517222,0.399548833236161,0.44513968180794,0.417233809143966,0.403211841815661,0.394313382589428,0.400651395263157,0.401128765012458,0.416925057227728,0.403735910692644,0.390739837531879
"14",0.773416492692445,0.747144263695052,0.861191375762889,0.809607788125282,0.762058989497162,0.816694542857384,0.80219900006307,0.691687249460541,0.70010747803558,0.75903061256474,0.563587126296125,0.623715099460922,0.607482241462328,0,0.526309802586442,0.561713659590495,0.528217616057659,0.541597951526209,0.511118610736334,0.518286381827242,0.640772775425004,0.511721349249203,0.5458638007447,0.545966916046874,0.515627762156626,0.516071017730911,0.539311385284909,0.566950516395937,0.686737833776797,0.608646151309003,0.580836283525652,0.65149866713024,0.536304395855802,0.532159526740033,0.46808954645372,0.582606688263554,0.579967212487226,0.550907464910645,0.584880342172823,0.53840173830514,0.606890465605899,0.522954601242989,0.526111237746744,0.551605591346073,0.638779496894963,0.475978797184756,0.519133003173601,0.54136504764462,0.610031137991011,0.778262171485205,0.518333185189186,0.572736729780368,0.518685799166825,0.567100084460606,0.547857549422156,0.502717051933603,0.450761732202836,0.491317652847575,0.511800450628842,0.499042582020281,0.501938444761541,0.537479533016494,0.503197362985233,0.528979612188732,0.54069211823181,0.494074266120568,0.488489065187938,0.486215036686407,0.511269857329876,0.498211248035613,0.504082899376916,0.508951679873005,0.512978589017254,0.506390136134558,0.52312615241362,0.496441492228629,0.495213555158624,0.519551135590923,0.50349716221578,0.506556041059373,0.523793860069945,0.49426909228286,0.49532547720097,0.497313746879323,0.513501802601755,0.500988799435639,0.532175781421254,0.592319569841731,0.509659623723893,0.462101454530059,0.496224106436049,0.520200301183595,0.505768062589088,0.496075851175263,0.495495267631369,0.50081117051744,0.497761687269117,0.497483281075046,0.504656750359095,0.495922061661445
"15",0.974952796332103,0.869240629307582,0.805786782087877,0.831901679693349,0.880160087243425,0.820757236189379,0.739471789715161,0.489501461740614,0.745566101238849,0.63415550360801,0.503381322378635,0.707227611388641,0.423732824600995,0.526309802586442,0,0.205880600504299,0.146316016681724,0.207491786449602,0.09872143380608,0.15442620975062,0.410526032499592,0.123977010611957,0.20432780891429,0.357687849980591,0.143949829106935,0.146007013774607,0.204642094956202,0.232609037785244,0.467246241019506,0.385978890717711,0.266718891844016,0.40746605642444,0.157347137040845,0.165484004508883,0.200240885151216,0.305566209527339,0.351962374957737,0.241933496949264,0.330773633477466,0.191648542966236,0.315140944397164,0.162711914388916,0.174156766882062,0.275069163388857,0.383431231223803,0.135695141192863,0.202080654171548,0.222849051631752,0.364035178746704,0.666684758838064,0.155228094358984,0.302615566127539,0.155748286471796,0.234323347242345,0.299174510657426,0.135762284329802,0.119353608025914,0.15337480669976,0.133597809817004,0.193573167146391,0.104986257054544,0.210088865369443,0.129459700417605,0.184738047955208,0.197635729265217,0.0989217483222827,0.0951360583977561,0.101139163993909,0.143421282826386,0.126097436324653,0.136664704561936,0.132222149626799,0.122701571381346,0.128735048985335,0.138002034097034,0.0938801237686624,0.150044381325745,0.155178505724831,0.14381238124218,0.124152828600317,0.158145072435671,0.0902078396596233,0.0856309570933055,0.142267294912776,0.131794747561137,0.103943013422042,0.165438643914895,0.268420156867443,0.127022538970824,0.103183565524199,0.117392590201999,0.208632763878012,0.166135434682172,0.110947908363139,0.0930589863073852,0.101265086628206,0.126240244149475,0.143249415907804,0.116153135920535,0.0875194475511442
"16",0.955029383040396,0.860093517160991,0.799857159843713,0.835496250222234,0.880861168358961,0.832707122954051,0.754996138708719,0.520841518858684,0.754837513061712,0.662539505531457,0.546017395988268,0.709993141786524,0.477657099920792,0.561713659590495,0.205880600504299,0,0.234395934906603,0.274457499376165,0.200477455282425,0.227968108821125,0.454397598274772,0.22217255319867,0.287948355904118,0.419039197618966,0.222382868178972,0.237470077593429,0.275574734837143,0.297194882705926,0.512018168785215,0.409309105075303,0.315373916136369,0.441846731267842,0.22848719374023,0.247410415367989,0.276582039304127,0.355070907609506,0.3990248067451,0.324966954629224,0.394724593073581,0.272012575021831,0.388096243821806,0.249900863345196,0.259106634708406,0.329174064176966,0.440306252681473,0.224228375448109,0.285670391561851,0.305169591965482,0.422328335275329,0.694299010359849,0.236748639048305,0.369278728320033,0.242786178279462,0.308622837323585,0.367734087918534,0.224542726215493,0.203728585970455,0.236986846061413,0.217068095026826,0.268586437115588,0.193773811368025,0.281548181488557,0.21781073075271,0.263566521319691,0.281949749678523,0.199073008645886,0.190225563909774,0.198360594222555,0.226684552667449,0.216749761724753,0.222283094886662,0.216954857210453,0.219557620643601,0.210260491298045,0.225817888255408,0.189547421623551,0.236460915697685,0.233651503460194,0.231400606644821,0.210274183057919,0.243964129539338,0.186637428740131,0.182451641842494,0.226394391759946,0.209319871965596,0.19370891298858,0.239277342068908,0.315645339496243,0.209107041786495,0.197942903432899,0.184169758892973,0.277808823454573,0.245456637913107,0.201343974069606,0.188983495783649,0.197468021440821,0.208863838970349,0.23025001617799,0.19846316347307,0.182157634335193
"17",0.980156803156929,0.863316426687869,0.81449270778326,0.833533909460429,0.861858309222426,0.83603271360966,0.737611146329376,0.491208808820355,0.738443636610309,0.637970945464049,0.51628691577253,0.706643359146254,0.429009729033269,0.528217616057659,0.146316016681724,0.234395934906603,0,0.209373588496633,0.113306333253508,0.153952939001359,0.413639297483134,0.126676495948437,0.209294320176322,0.354723223254175,0.142241508065078,0.146107287686292,0.207217055723926,0.233687722279582,0.471891155572015,0.382119213293028,0.270029887977821,0.42625910935939,0.161433252914533,0.165174437105023,0.202849665393949,0.302498803547692,0.35024728546973,0.243034780407293,0.322045278324522,0.200078949912286,0.314806638674539,0.163844842893123,0.177393082129447,0.270849991140963,0.386816468656771,0.143950679530769,0.203380072069868,0.2239995565294,0.366149656729753,0.663345965965707,0.161617694299207,0.305369108693898,0.158001605056459,0.238022863072482,0.303205642746706,0.141231496624441,0.118192123171896,0.152076696434547,0.134396845051106,0.197681857473028,0.107111457355057,0.212810940530002,0.133466788522891,0.191077189217463,0.199733711596561,0.10308287013991,0.0964920970947487,0.108138662942674,0.145552260777388,0.125342374902734,0.138904614791481,0.132868107812995,0.129732326780075,0.131677468212603,0.140138688464479,0.0953320295902704,0.154595157520685,0.156634135712996,0.144109904970555,0.124012667146293,0.162978662788255,0.0945764811957571,0.08780211634095,0.141472126081918,0.134930171182942,0.105459248137213,0.169549660531694,0.271812257310718,0.133138859067783,0.104379500498421,0.120132923065895,0.212182377514675,0.170562156235299,0.113280494201178,0.0941674599394111,0.105263157894737,0.129192983762055,0.144670621418473,0.118530491053066,0.0902925942028073
"18",0.93765593626289,0.831544732847087,0.803936548848029,0.810000599719672,0.866835235342601,0.827774328424463,0.742583268487393,0.511031049082193,0.743966645998871,0.62057919213675,0.499428244524461,0.698381833555402,0.443642891784423,0.541597951526209,0.207491786449602,0.274457499376165,0.209373588496633,0,0.165539998083619,0.193203587133366,0.432183535634323,0.179037551082176,0.249872647515709,0.388287878548653,0.187150878628693,0.197774457332233,0.243360750111882,0.260912242375562,0.485742027647957,0.390895378747564,0.297441724658487,0.440477181561636,0.215574868201217,0.219292509861179,0.250918898466783,0.338727801742969,0.356666355283282,0.283777754088924,0.366522261690673,0.253088586542946,0.350359290547659,0.209614291751863,0.219414220722176,0.297273520090364,0.388844882262867,0.195193717605255,0.234710309986078,0.264059098344669,0.37848666983144,0.66257896451764,0.182268096525933,0.332158499829668,0.198299136519829,0.27020927782769,0.322189212562961,0.190302277222554,0.168904590535283,0.18496234202721,0.179020866734538,0.222496396995589,0.160030406666491,0.238411732020151,0.177153352568874,0.228149757535244,0.234082341563815,0.157383594742777,0.152599975140115,0.163040984302954,0.178090008971064,0.16696731439028,0.180569843157048,0.16814287173851,0.162942065701969,0.154705974795665,0.181835814029626,0.149282980777271,0.182984223628341,0.193038476939058,0.196571702381758,0.171055696901619,0.204015775994746,0.147128101920317,0.145957984078668,0.1805731413293,0.172326951948637,0.151735183342693,0.210227243543138,0.313961551668159,0.177377748060824,0.161159874956695,0.167229638807492,0.234325575911288,0.198507489894099,0.162623174731228,0.147625054551533,0.15656827057147,0.166744680740576,0.192725103019115,0.168000632802243,0.146022255629351
"19",0.966880306882343,0.854789382175837,0.795101277467838,0.830689038230296,0.869126339076149,0.821370309526874,0.734258477649745,0.463046190893313,0.738262462694158,0.592920352479788,0.487580233749719,0.688545430603219,0.404094728347277,0.511118610736334,0.09872143380608,0.200477455282425,0.113306333253508,0.165539998083619,0,0.114841734694199,0.384639882675301,0.0863107465397405,0.16720502465446,0.329481365104135,0.106258226842779,0.106028404632018,0.162253047640182,0.199775802373979,0.43972779910809,0.360661950134214,0.223634934772276,0.372218760031315,0.123213260554144,0.12345953434891,0.166632740194517,0.275617065236334,0.31742484490205,0.205133543984375,0.30444414459648,0.168215450897668,0.281239511959316,0.124099258017324,0.129438649181374,0.237174379228399,0.352162372977444,0.101742904076522,0.164540783550621,0.186052577976299,0.33327028262466,0.647349661926713,0.113018094460405,0.264668704671372,0.114941740910578,0.198894775130572,0.269421895389527,0.0991876208233613,0.0771093590772651,0.111545413032917,0.0947028234131511,0.157733877098855,0.0630873127030055,0.16838882255341,0.0877957631554133,0.146479683365969,0.15907861262406,0.0582871963290154,0.0527759893667079,0.0660318285961675,0.0918876556111704,0.0826213318637002,0.091924578271421,0.0889420738238169,0.0784329746659719,0.0837605848313406,0.0940213932350261,0.050147494167015,0.108965173831608,0.112807084615914,0.103452849177395,0.0801852918784473,0.118354507784524,0.0487146991431749,0.0422189598478352,0.0979196345848861,0.0926071185873407,0.0579768506463767,0.125107078554891,0.234994751571899,0.0873012171050301,0.061638461157124,0.0740809122286629,0.172840598190132,0.126278716714451,0.0697440404801755,0.0502162317844682,0.0611478822684201,0.0869849153562448,0.10247012492238,0.0743191018584782,0.0444343894696411
"20",0.969131230094058,0.862655431459103,0.796295326049959,0.829321512885691,0.8763892277925,0.839868259938234,0.749305995937906,0.489494671752764,0.747495763873663,0.635656190551763,0.517124514815195,0.70338809422215,0.420328788492742,0.518286381827242,0.15442620975062,0.227968108821125,0.153952939001359,0.193203587133366,0.114841734694199,0,0.404310867308537,0.124942639840322,0.208159268390023,0.352791773718284,0.139525464827934,0.149510076242742,0.206448579820459,0.233503785157147,0.474808969051895,0.379742602851648,0.259540582346421,0.422878893412606,0.164595232172967,0.162831932777975,0.199380997550777,0.308727414859832,0.342541319229098,0.244054907346361,0.33493082336644,0.208776270332725,0.313791382696617,0.166806147943926,0.175952920682814,0.279668845147311,0.381205652673716,0.142646385662686,0.20030298568217,0.225768916808935,0.351258725393633,0.662100752655829,0.153223197754111,0.304145718068505,0.16053006767263,0.236525054269901,0.302676936582002,0.139307370477046,0.119899449801587,0.145473318093036,0.129387111150514,0.190897612554265,0.103543326108376,0.208470463971337,0.128915278752572,0.190811019037087,0.198268887690434,0.10352075246457,0.096157785936927,0.1122136294966,0.142200276210861,0.123678547806794,0.138191576555331,0.129180090205659,0.127884456736858,0.12977299319814,0.140013133425873,0.095815951183051,0.153166653194952,0.153973738249404,0.145528583467854,0.126839956706966,0.160911130353959,0.0922863946996314,0.0860902894463447,0.141047583437325,0.128268863453764,0.103986836914472,0.167911039405473,0.265225684071353,0.125586481289821,0.10686228893656,0.119726078296083,0.207768233360918,0.165848591167998,0.11271494136765,0.0945623592980682,0.1058820832628,0.123864282597544,0.143295350110169,0.11371937785139,0.0914137802269392
"21",0.937010150186352,0.883404218649116,0.820141313413294,0.839947697217205,0.865455858610537,0.850423932873635,0.818381643234176,0.62456484417535,0.787458436690518,0.723617221672197,0.647551223399254,0.72058214244909,0.600861474893511,0.640772775425004,0.410526032499592,0.454397598274772,0.413639297483134,0.432183535634323,0.384639882675301,0.404310867308537,0,0.378538308153825,0.42334186430566,0.552544077243195,0.383394516769519,0.403780640382986,0.426789680898363,0.437179667448525,0.518932447543754,0.46822737493875,0.438371777636437,0.513414792355638,0.409167281078917,0.407592895074779,0.446513047060682,0.480138733568262,0.505588443846186,0.470865381141643,0.510678984962982,0.448087121897825,0.526067227725379,0.420151691881256,0.421924332300131,0.477267412407198,0.562394379405325,0.407584568902835,0.429881145726329,0.43518541349834,0.536365185067068,0.730692269780977,0.412407516812128,0.497753383412109,0.41290791006094,0.470088328021507,0.487531817158541,0.392318597196664,0.392916105719178,0.408156687201569,0.392926010588408,0.420154421295699,0.385967604675032,0.439895337187449,0.395569111127178,0.432839714587784,0.432035701865266,0.385782422696517,0.378631582392737,0.387184372147891,0.402598782053501,0.386749200482822,0.387988183083086,0.403512747069766,0.403388502036208,0.395235450426394,0.407626236499086,0.380723887590765,0.406758989822064,0.413827657046542,0.410460497032445,0.402624354579601,0.419656677680484,0.380149559617437,0.380549475136036,0.405380477398608,0.402786476021566,0.386584599392414,0.427366824011694,0.496429606162233,0.393588780159846,0.38387741761448,0.381910822782869,0.431971043245355,0.408046910359233,0.385022337036454,0.381443223468377,0.388839452702026,0.389297610327691,0.398132607974013,0.38939859461291,0.377596874323595
"22",0.974604863990916,0.85999542834751,0.797743606045461,0.827362734973758,0.885278892176725,0.832889529431397,0.743976594923447,0.471937342186386,0.744955425054961,0.630494708026863,0.502749756776506,0.696191609671588,0.416841530338445,0.511721349249203,0.123977010611957,0.22217255319867,0.126676495948437,0.179037551082176,0.0863107465397405,0.124942639840322,0.378538308153825,0,0.186978140558486,0.339372344898459,0.121232989593759,0.118067242225579,0.178054457413399,0.210306238999977,0.435346648184931,0.345579587600321,0.235297204516559,0.403378334743421,0.138661160409159,0.144621294120525,0.183898604588729,0.279982818754453,0.334438999585198,0.222013655303153,0.312356372427553,0.186330559134453,0.296088904272147,0.142188007644976,0.149902170721506,0.257159701120181,0.366027703087805,0.118254202274999,0.180436949766218,0.203699212634859,0.349469802868121,0.646532413870113,0.134314123476047,0.284427223582236,0.132651127742934,0.216698226650051,0.281389449680363,0.117114027742459,0.0978622762041368,0.127986953054885,0.113419100211205,0.174715687145838,0.0800712582378261,0.186034570982258,0.106194398267159,0.167606479789094,0.174804065939165,0.078354676980417,0.0707621922470558,0.0859070894600158,0.120653515015509,0.0999750530460757,0.112310027081784,0.106121938223976,0.106260382878684,0.10534635658288,0.11569681917385,0.0696217415740231,0.127957205142816,0.131310643195291,0.120394373735898,0.103237475692525,0.140178261523761,0.0676895333886853,0.0622734130877571,0.115572410490272,0.110469496291781,0.0786247444224534,0.145811248990764,0.249886622884228,0.106419206499132,0.0786058821123012,0.0900875030937466,0.186294126718684,0.141224911100413,0.0875331573792539,0.0692092932472496,0.0789166168206167,0.101967212129036,0.119659063354549,0.0918597199792945,0.0644085136396648
