"","1","2","3","4","5","6","7","8","9","10","11","12","13","14","15","16","17","18","19","20","21","22","23","24","25","26","27","28","29","30","31","32","33","34","35","36","37","38","39","40","41","42","43","44","45","46","47","48","49","50","51","52","53","54","55","56","57","58","59","60","61","62","63","64","65","66","67","68","69","70","71","72","73","74","75","76","77","78","79","80","81","82","83","84","85","86","87","88","89","90","91","92","93","94","95","96","97","98","99","100"
"1",0,46.5832587954085,50.3289181286465,52.0672641877793,56.7274184147313,56.7097875150313,53.3385414123783,50.3388517946129,54.4609952167604,52.5547333738836,49.1833305094317,46.776062254106,50.6162029393751,50.5470078244004,51.2932744129286,51.9615242270663,52.0768662651661,52.1152568831815,52.2494019104525,53.0565735795292,57.7148161220323,53.7587202228625,54.4242592967511,48.4974226119286,55.0635995917448,55.5967624956706,57,58.0517010948,68.1248853210044,63.6945837571767,61.5304802516606,67.9632253501848,60.2162768692984,60.8933493905533,55.2720544217419,66.6858305789168,68.4397545290747,64.6529195009785,70.7177488329486,65.9772688128267,72.29799443968,65.8331223625312,66.8206554891525,71.028163428319,81.2957563468106,66.2721661031236,69.9213844256534,72.780491891715,84.2199501305955,144.42645187084,72.0624728967859,80.9753048774748,74.1687265631546,79.6994353806851,83.5583628370015,75.2728370662353,72.6636084983398,77.110310594628,78.3645327938603,80.7279381626956,78.4984076271615,84.829240241794,80.9506022213547,85.3404944911851,87.6641317757725,82.0243866176395,82.4196578493262,83.6480723029527,86.5678924313166,86.821656284593,88.4307638777366,89.2020179143947,89.5935265518665,90.2496537389479,92.6012958872607,90.2385726837476,94.2920993509,96.0937042682818,96.1821189203066,95.6190357617143,98.4936546179499,95.3152663532973,95.9687449120806,100.254675701435,101.306465736398,99.5841352826845,106.564534438058,120.31209415516,104.46530524533,102.298582590376,104.828431257937,113.806853923654,110.630014010665,107.498837203014,107,108.683025353548,111.301392623812,113.868345030566,112.924753707945,111.126054550677
"2",46.5832587954085,0,20.5669638012031,25.5929677841395,42.4735211631906,36.1109401705356,28.3725219182222,19.7484176581315,34.1760149812701,27.3130005674953,22.6053091109146,37.3363094051889,23.1516738055805,27.9105714739057,20.6639783197718,22.8910462845192,22.1810730128188,23.6220236220354,22.9782505861521,24.7184141886165,35.2278299076171,25.8843582110896,28.8790581563873,33.4065861769801,29.0172362570938,29.9499582637439,32.8176781628439,35.1283361405006,50.8035431835222,45.3762052181537,39.9249295553543,51.8169856321265,37.4966665185054,38.6264158316559,39.255572852781,48.8773976393997,52.2876658496055,45.8911756223351,54.1202365109392,46.6797600679352,55.2358579185659,46.3249392876019,47.9478883789474,55.1633936592012,66.8655367136165,48.8262224629348,53.5630469633683,56.5597029695171,71.0703876449256,137.909390543211,55.6327241828045,68.0367547726962,57.6107628833363,64.730209330729,71.4562803397994,59.4978991225741,58.4807660688538,62.4339651151519,62.6657801355732,67.4166151627327,62.5459830844476,71.5681493403316,66.098411478643,71.9791636517124,74.1687265631546,67.1565335615233,67.5351760196122,69.4334213473598,73.2120208708925,73.2529862872498,75.1132478328557,75.7429864739964,76.1117599323521,77.2075125878305,79.5172937165243,76.6615940350838,82.5530132702617,84.2496290793022,84.1011296000238,83.4445923951936,87.9715863219483,82.4196578493262,82.9578206078246,88.9213135305591,89.4930164873215,87.332697198701,95.4882191686493,110.349444946497,93.268429814166,91.186621825792,93.8669270829721,106.056588668503,101.641526946421,96.571217244063,95.5353337776134,97.6217188949262,101.183002525128,104.28806259587,102.283918579609,100.114933950935
"3",50.3289181286465,20.5669638012031,0,26.7581763205193,44.5084261685358,36.783148315499,29.086079144498,19.1049731745428,36.1524549650504,28.0891438103763,23.832750575626,40.1621712560464,24.1039415863879,29.4957624075053,19.7989898732233,22.0227155455452,21.4709105535839,23.1732604525129,22.113344387496,23.7486841740758,34.2636833980236,24.9599679486974,28.0178514522438,35.1140997321589,28.0535202782111,29.0516780926679,31.8433666561813,34.2490875790874,50.950956811428,44.7660585711988,39.1279950930277,51.3225096814254,36.428011200174,37.5632799419859,40.3732584763727,48.0832611206852,52.4499761677734,46.0325971459356,53.0659966456864,45.8693797647189,54.7539952880153,45.902069670114,47.4341649025257,55.6237359406935,67.0074622710038,48.4871116896026,53.6097006147208,55.9106429939775,70.7672240518165,138.028982463829,54.9909083394701,68.0294054067798,57.0788927713213,64.3350604258673,71.8818474999078,58.847259919218,58.6088730483704,61.6360284249399,61.6927872607487,67.5425791630731,61.4898365585728,70.9859140956852,65.4675492133316,71.4702735408225,73.4438561079142,66.385239323211,66.7682559304944,68.847657912234,72.6980054747034,72.2703258606186,74.3437959751854,74.9266307797168,75.683551713698,76.7984374841051,78.6765530510838,75.6703376495705,82.3164625090267,83.5523787812172,83.4865258589672,82.8613299434664,87.4070935336486,81.4125297481905,81.8962758616044,88.5776495511142,88.7580982220777,86.4175908018732,94.6414285606467,109.444049632678,91.7605579756357,90.7744457432817,93.0268778364619,105.721331811513,101.054440773278,95.6504051219858,94.6361453145678,96.6074531286277,100.404183179786,103.725599540326,101.355808910984,98.9949493661167
"4",52.0672641877793,25.5929677841395,26.7581763205193,0,46.1627555503352,39.7869325281555,32.649655434629,25.6709953059869,37.0270171631472,31.6069612585582,27.8926513619627,42.5323406362735,28.7576076890968,32.6190128606002,26.153393661244,27.8747197295327,27.2946881279124,28.2665880502051,27.9105714739057,29.1204395571221,37.7888872553824,30.0166620396073,32.4191301548947,38.2491829978106,32.4499614791759,33.1058907144937,36.1939221417077,37.6961536499415,52.9905651979671,47.370877129308,42.3438307194803,53.8887743412299,39.6862696659689,40.853396431631,42.614551505325,50.1996015920445,53.8609320379809,47.6130234284697,55.0272659687904,47.8957200593122,56.3914887194867,48.0104155366312,49.3558507170123,56.1248608016091,68.2055716199197,50.4479930225178,54.8452368032084,57.5325994545701,71.8470597867442,138.036227128968,56.3205113613149,68.6585755750875,58.6174035590114,65.566759871142,72.0902212508742,60.1747455333215,59.9416382825828,63,63.08724118235,68.0881781221968,63.0793151516406,72.0208303201234,66.5281895139196,72.4154679609267,74.6860093993514,67.6683086828687,67.8822509939086,69.2098258919931,73.6545993132812,73.0821455623739,75.4652237789036,75.9078388573934,76.4591394144611,77.3175271203108,79.6241169495775,76.6811580507233,82.7042925125413,84.1249071321924,83.2586331859946,83.6540495134575,87.8293800501859,82.365041127896,82.8432254321378,88.9719056781409,89.2748564826626,87.3040663428686,95.2732911156112,110.163514831363,93.0806102257608,90.9615303301346,93.6269192059634,105.617233442275,101.419919148065,96.0052081920559,95.2155449493411,97.2162537850539,100.513680660893,103.860483341837,101.887192521926,99.6895180046528
"5",56.7274184147313,42.4735211631906,44.5084261685358,46.1627555503352,0,51.1468474101777,47.5289385532646,43.7035467668243,49.2747399790197,46.7974358271904,41.821047332653,45.453272709454,45.3872228716409,45.287967496897,44.1701256507156,45.0998891351187,44.4522215417857,45.2990066116245,44.9444101084885,45.7930125674212,50.9607692249636,46.5403051128804,47.4763098818769,50.0599640431353,48,48.4045452411238,49.829710013204,51.4003891035856,61.2454079911302,57.8186821018951,53.8144961882948,61.5223536610881,52.85830114561,53.160135440008,52.7541467564399,60.0749531835024,62.7056616263635,58.206528843421,64.1482657598785,58.8642506110457,66.1588996280924,58.7026404857567,59.9749947894954,64.8922183316305,75.2396172239067,60.4152298679729,63.8357266740185,66.7757440991862,78.0960946526777,141.297558365316,65.2763356814704,75.690157880665,67.4759216313494,73.9053448676075,78.1408983823452,68.8767014308903,65.9090282131363,70.9788700952614,71.7843994193724,74.4916102658548,71.7216843081644,79.2464510246358,74.4916102658548,79.3788384898645,81.0987052917616,75.2994023880668,75.8353479585872,77.2204636090719,80.1623352953243,80.0999375780031,82.0853214649245,82.8914953418021,82.8794304999739,84.1011296000238,86.3423418723398,83.7197706638044,88.2666414904294,90.13323471395,90.1276871998833,89.481841733393,93.4291175169711,88.7637313321156,89.4762538330701,94.5568612000208,95.0841732361385,93.1289428695505,100.40916292849,114.982607380421,98.2089608946149,96.0260381354974,98.9595877113481,109.12378292563,105.560409245133,101.331140327147,100.831542683825,102.391405889362,105.04284840007,108.055541273921,106.047159320747,104.809350727881
"6",56.7097875150313,36.1109401705356,36.783148315499,39.7869325281555,51.1468474101777,0,24.0624188310319,36.1939221417077,43.9089968002003,39.319206502675,37.0809924354783,47.5394572960189,37.841775856849,40.3856410126173,35.8189893771446,37.0675059857013,36.7695526217005,37.5233260785874,36.9323706252388,38.1182371050918,44.7548880012005,38.6264158316559,40.1497197997695,45.0998891351187,40.4722126896961,40.9756024970958,42.5323406362735,44.226688774992,57.2625532088816,52.373657500694,48.3321838943783,57.974132162543,45.6508488420533,46.6690475583121,48.3425278610873,55.4887375960203,58.206528843421,52.6117857518636,59.7076209541127,53.0377224247045,60.9507998306831,52.9716905525961,54.0277706369604,60.605280298007,71.6030725597722,54.4242592967511,58.9151932866217,61.3595958265698,74.3572457800852,139.796280351088,60.0583050043872,71.6449579523919,62.4419730629967,68.7895340876794,74.979997332622,63.5609943282828,63.118935352238,66.1513416341649,66.2646210281173,71.028163428319,66.3475696615935,74.7261667690776,69.476614770727,74.3975806058235,77.2204636090719,70.5407683541936,70.6611633077181,72.131823767322,75.4718490564528,75.9736796528903,77.7688883808943,78.4538080656382,78.1472968182521,79.4040301244213,81.504601097116,79.012657213892,84.5872330792301,86.0464990571958,85.9592926913664,85.0940655980192,89.5488693395958,84.338603260903,84.9117188614151,90.1387818865997,91.2195154558497,88.8313007897554,96.6850557221746,111.503363177978,94.6625585963109,92.2875939658197,95.0105257326787,106.648956863159,102.669372258722,97.5704873412037,96.7625960792702,98.4479557939117,101.656283622804,104.785495179438,103.237590053236,100.752171192486
"7",53.3385414123783,28.3725219182222,29.086079144498,32.649655434629,47.5289385532646,24.0624188310319,0,27.5136329843952,38.4837628097877,32.9696830436691,29.3598365118064,42.8368999812078,29.6479341607472,34.0881210981186,26.9814751264641,28.5482048472404,27.8028775489157,29,28.2665880502051,29.563490998189,38.7040049607273,30.2489669245083,32.2955105239103,38.1706693679846,32.5115364140177,32.9848450049413,35.5527776692624,37.3496987939662,52.8961246217528,47.1380949975707,41.8927201313068,53.2728824074688,38.8458491991101,40.0624512480203,41.7612260356422,50.0199960015992,53.1883445878888,46.743983570081,54.8087584241789,47.0319040652194,55.6417109729742,46.9787185861854,48.187135212627,55.515763527128,67.3052746818554,48.9795875850338,53.6842621258782,56.1604843283959,70.057119552548,137.89126150703,54.9545266561363,67.6609192961491,56.9561234635926,64.1170804076418,70.774289116882,58.591808301161,58.0430874437258,61.2127437712116,61.4166101311364,66.5131565932636,61.2617335699864,70.5620294492725,64.8999229583518,70.1569668671615,73.0479294709987,65.6582058847179,65.9848467452945,67.705243519243,71.4072825417688,71.505244562899,73.3825592358293,73.9053448676075,74.0405294416511,75.2462623656484,77.3563184232549,74.6324326281812,80.8084154033477,82.1401241781384,82.0121942152507,81.2280739646091,85.8254041645013,80.2122185206219,80.6659779584925,86.5332306111357,87.3727646352111,84.9941174435031,93.268429814166,108.471194332873,91.1372591205156,88.7918915216924,91.4111590562115,103.522944316707,99.3478736561583,93.9840411984928,93.0591209930547,94.9789450352024,98.5545534209353,101.612007164508,99.724620831568,97.2625313263026
"8",50.3388517946129,19.7484176581315,19.1049731745428,25.6709953059869,43.7035467668243,36.1939221417077,27.5136329843952,0,34.7562943939655,26.3818119165458,21.51743479135,38.8072158238645,21.0237960416286,26.9629375254255,15.3297097167559,17.8885438199983,16.7332005306815,18.7616630392937,17.0880074906351,19.0525588832576,31.2569992161756,19.8997487421324,23.4520787991171,31.4642654451045,22.9346898823594,23.8117617995813,27.6947648482525,30.0665927567458,48.2389883807693,41.7971290880127,34.8998567332303,47.9895822028073,31.6543835826888,32.9545141065682,35.8468966578698,44.5757781760453,49.0917508345343,41.6653333119993,50.0699510684802,41.5090351610345,50.8428952755446,41.0365690573664,42.5793377120875,51.5460958754395,63.4113554499508,43.7035467668243,49.0204039151046,51.7976833458795,67.238381896057,136.18737092697,49.8898787330657,64.0702739185654,51.9326486903951,59.7662111899357,68.1028633759257,54,53.5163526410386,57.0438427878066,56.8242905807015,63.2060123722419,56.3560112144215,66.6033032213869,60.5392434706612,66.9103878332804,68.9274981411628,61.1228271597445,61.5873363606513,63.1110133019586,67.6609192961491,67.1565335615233,69.3829950348066,69.9785681476836,70.7177488329486,71.7286553617172,73.7495762699692,70.3633427290091,77.4919350642375,78.587530817554,78.4028060722319,77.775317421403,82.516664983505,76.2430324685476,76.6159252375118,83.7675354776539,83.8987485007971,81.4186710773395,89.9888882029331,105.475115548645,87.5499857224432,85.3053339481184,88.0397637434358,101.360741907308,96.4624279188535,90.575934993794,89.3812060782355,91.5314153719913,95.6347217280419,98.9949493661167,96.5297881485296,93.8562730988185
"9",54.4609952167604,34.1760149812701,36.1524549650504,37.0270171631472,49.2747399790197,43.9089968002003,38.4837628097877,34.7562943939655,0,37.5233260785874,34.3656805548792,44.988887516808,35.9722114972099,37.1887079635741,34.2198772645373,35.2420203734122,34.6410161513775,35.4964786985977,34.9857113690718,35.8747822293042,42.7901857906693,36.3868107973205,37.6031913539263,41.9285105864733,38.0263066836631,38.379682124791,40.3608721412211,42.0238027789014,55.7404700374871,49.4469412603045,45.9565011723042,55.5607775323564,43.4971263418631,44.3170396123207,44.0794736810684,52.3354564325181,54.1664102558034,48.1040538832228,55.6866231693034,49.2848861214064,57.8186821018951,49.5580467734555,50.586559479767,55.6506963119061,69.1592365487069,51.7107338953916,54.7083174663597,57.1051661410769,72.0624728967859,137.444534267464,57.1926568713152,67.4610999020917,59.152345684681,66.1966766537415,70.199715099137,59.5986577030054,58.8047617119566,62.1288982680363,63.4744042902334,65.8862656401165,63.4034699365894,71.6519364706914,65.8862656401165,71.0422409556455,74.2495791233863,66.9477408132642,66.9253315270085,67.3127031101857,72.2772439983706,72.5534285888682,74.5519952784632,75.2529069205968,75.2661942707349,76.124897372673,78.7210264160726,75.690157880665,80.5543294925853,82.8854631404084,81.1726554943227,81.8962758616044,85.9592926913664,81.1726554943227,81.6945530620004,86.7352292900641,88.0965379569481,85.5862138431184,94.0319094775811,109.082537557576,91.5259526036195,88.0397637434358,91.4713069765596,102.440226473783,98.9595877113481,94.5621488757526,93.6002136749698,95.236547606473,98.3564944474944,101.034647522521,100.199800399003,97.8110423214066
"10",52.5547333738836,27.3130005674953,28.0891438103763,31.6069612585582,46.7974358271904,39.319206502675,32.9696830436691,26.3818119165458,37.5233260785874,0,28.1602556806574,42.166337284616,28.4253408071038,32.8785644455472,24.8797106092495,26.4952825989835,25.6515106767613,26.2678510731274,25.219040425837,26.9629375254255,36.2629287289375,27.5680975041804,29.4957624075053,36.2215405525497,29.5972971738975,30.4138126514911,32.1714158842908,34.4093010681705,50.2891638427206,44.8218696620299,38.5227205685164,49.6286207747102,36.2215405525497,37.0675059857013,38.6652298583624,47.3180726572839,50.5173237612604,43.2897216438267,52.2015325445527,43.7378554572581,53.4322000295702,43.9317652729776,44.5982062419555,52.5642464038057,64.7379332385581,46.1519230368573,50.4281667324919,53.4134814442946,67.9779375974294,136.649185873901,51.4295634824952,65.1076032426321,54.2494239600754,61.4979674460872,68.3227634101549,55.2268050859363,54.4609952167604,58.0861429258304,58.36951259005,62.8092349897688,58.0344725141876,67.4091981854109,61.196405123177,67.1341939699882,69.792549745657,62.0644825967316,62.4739945897491,64.2261628933257,66.9626761711328,68.2934843158555,70.128453569147,70.6045324324154,69.9070811863863,71.4072825417688,73.9256383131049,71.3091859440283,76.7528501099471,78.4856674813943,78.6574853399217,77.0389511870456,82.7345151674922,76.765877836445,77.3175271203108,82.4075239283404,84.1130192063036,81.2342292386652,89.8665677546439,105.71187255933,87.7325481221194,85.5277732669336,88.1646187537835,100.419121685066,96.4313227120732,91.0054943396276,89.5712007288057,91.6515138991168,95.5405672999695,98.2852990024449,96.3846460801719,94.0691235209513
"11",49.1833305094317,22.6053091109146,23.832750575626,27.8926513619627,41.821047332653,37.0809924354783,29.3598365118064,21.51743479135,34.3656805548792,28.1602556806574,0,37.0540146272978,23.2163735324878,26.3818119165458,19.0787840283389,21.142374511866,20.1246117974981,20.9045449603669,20.0748598998847,21.7255609824004,32.7719392163479,22.248595461287,25,31.3847096529504,24.5967477524977,25.1396101799531,28.3901391331568,30.4466746952767,48.5592421687159,41.6653333119993,35.5949434611154,48.4974226119286,31.9530906173409,33.1813200460741,33.9411254969543,44.1361529814278,47.7598157450382,40.5832477754061,49.2747399790197,40.9145450909576,50.3984126734166,40.3112887414927,41.9046536795139,50.0799361021957,62.7853486093691,41.9404339510215,47.6445169982864,50.2991053598372,66.3927706907913,135.639227364358,48.7442304278158,62.4339651151519,51.0098029794274,58.8642506110457,65.9317829275077,52.2398315464359,51.1566222497147,55.0726792520575,55.3353413290277,60.5475020128824,55.0363516232681,65.0615093584525,58.8047617119566,64.9769189789728,67.6756972627545,59.5566956773124,59.6824932455071,61.6116872029975,65.7647321898295,65.566759871142,67.7569184659397,68.1762421962372,68.585712797929,69.4406221170289,71.9166183854608,68.644009206922,75.0333259292163,76.7137536560427,76.6028720088222,75.6967634711022,80.4114419718985,74.3370701601832,74.8799038460921,81.4002456998749,81.8046453448702,79.435508432942,87.8122998218359,103.980767452448,85.7554662980734,82.9337084664613,86,98.979795918157,94.0319094775811,88.6284378740819,87.4985714169094,89.4594880378823,93.2362590412121,96.6902270139025,94.3980932010811,91.727858363749
"12",46.776062254106,37.3363094051889,40.1621712560464,42.5323406362735,45.453272709454,47.5394572960189,42.8368999812078,38.8072158238645,44.988887516808,42.166337284616,37.0540146272978,0,38.4447655734822,38.7169213652119,38.0131556174964,38.6005181312376,38.3405790253616,38.6781592116274,38.2099463490856,39,44.1248229458204,39.2428337406972,40.2243707222375,38.3927076409049,40.6693988153255,41.146081222882,42.485291572496,44.1588043316392,56.3116329012043,50.8822169328342,47.2863616701476,56.3648826841678,45.2769256906871,45.912961132996,42.2965719651132,53.7308105280388,55.7135531087365,50.5568986390582,58.0086200490927,51.2737749731771,59.4053869611166,50.9313263129874,52.1056618804521,57.835974963685,69.8212002188447,50.81338406365,56.0446250768082,58.9830484122345,72.587877775838,137.89488750494,57.471732182004,69.0869017976635,59.2030404624627,66.573267908373,70.9929573971954,60.3324125159934,57.026309717533,62.5299928034539,63.1268564083465,66.8505796534331,63.3087671653777,71.3722635202219,65.9469483751902,71.1125867902441,73.7631344236401,66.8879660327626,67.0596749171959,68.3447144993671,71.9722168617863,72.3463889907437,73.8647412504776,74.706090782479,74.7863623931529,75.7033684851606,78.0320446995976,75.1997340420829,80.0687204843439,82.1340367935243,81.4555093287127,81.2342292386652,85.6329375882902,80.4176597520719,80.9320702811932,85.9243853629457,87.2525071273026,84.6935652809586,92.7900856772964,107.967587728911,90.3271830624646,87.17224328879,90.3382532485547,101.360741907308,97.718984849414,93.2845110401507,92.5040539652182,94.1169485268195,97.3447481891037,99.8799279134702,98.3971544304001,96.3898334888073
"13",50.6162029393751,23.1516738055805,24.1039415863879,28.7576076890968,45.3872228716409,37.841775856849,29.6479341607472,21.0237960416286,35.9722114972099,28.4253408071038,23.2163735324878,38.4447655734822,0,27.4408454680245,17.8044938147649,19.94993734326,18.5472369909914,19.8494332412792,18.4390889145858,19.723082923316,31.8276609256791,20.3960780543711,23.4946802489415,29.5296461204668,22.6274169979695,23.388031127053,27,28.9827534923789,47.2969343615419,40.7553677446297,33.7934904974316,47.2969343615419,30.0665927567458,31.04834939252,32.6955654485436,42.6497362242722,47.2440472440709,39.7240481320824,48.363209157375,39.3573373083089,49.1019347887637,38.6005181312376,40.137264480779,48.7954915950234,61.765686266729,39.6988664825584,46.1410879802373,49.2848861214064,65.0153827951509,135.185058345958,47.021271782035,61.6198020120156,49.1222963632605,57.2538208331985,65.2533524043018,50.6951674225463,49.4772675074119,53.7401153701776,53.507008886687,59.4053869611166,52.9339210714642,63.4507683168612,57,63.4586479528204,65.612498809297,57.4282160614449,57.8013840664737,59.9583188556851,63.9843730921856,63.6396103067893,65.6810474946921,66.0378679243962,66.7907179179862,67.6683086828687,69.9070811863863,66.6108099335236,73.532305825399,74.9933330370107,74.8264659061217,73.8308878451289,78.7464284904401,72.29799443968,72.7048829171741,79.3662396740579,79.9812478022192,77.6208734813001,86.3828686719769,102.279030108816,83.6241591885981,81.4309523461442,84.0654506917081,97.7343337829649,92.3958873543623,86.6602561731732,85.4224794770089,87.5785361832453,91.5314153719913,95.0368349641338,92.4229408750879,89.7162192694275
"14",50.5470078244004,27.9105714739057,29.4957624075053,32.6190128606002,45.287967496897,40.3856410126173,34.0881210981186,26.9629375254255,37.1887079635741,32.8785644455472,26.3818119165458,38.7169213652119,27.4408454680245,0,24.5356882927706,25.9036676939772,24.9599679486974,25.9036676939772,24.8797106092495,25.6515106767613,35.0428309358705,26.0192236625154,28.5131548587665,33,27.7308492477241,28.2842712474619,30.886890422961,33.2114438108312,49.9799959983992,42.9418211071678,37.1887079635741,49.5176736125598,33.9263909073747,34.828149534536,34.928498393146,45.0333209967908,48.5489443757534,42.0356991139674,49.5378643060033,41.7133072292284,51.0685813392148,41.1217703899042,42.5910788780937,50.4975246918104,63.0713881248859,42.1070065428546,47.8121323515277,50.7346035758633,65.9090282131363,135.358782500435,49.0102030193714,62.3858958419289,50.8330601085553,58.7281874401041,65.4293512118224,52.2206855565876,50.2891638427206,54.5985347788748,55.0999092558236,60.1331855134916,54.5802161959808,64.4592894779333,58.3266662856707,64.621977685614,66.783231428256,58.8302643203309,59.0762219509677,60.9918027279076,65.3987767469698,64.5987615980368,66.6858305789168,67.3349834781297,68.1909084849293,69.0796641566822,71.330218000508,67.7200118133481,73.9864852523757,75.8485332752058,75.3657747256671,74.7796763833597,79.6617850666177,73.2666363360568,73.668174946852,80.1373820385967,80.8826310155648,78.3964284900785,87.068938204161,102.966013810383,84.4630096551147,81.2280739646091,84.5931439302264,97.6985158536198,92.6498785752038,87.0459648691426,86.0232526704263,88.1532756056177,91.9293206762674,95,92.9569792968769,90.3327183250897
"15",51.2932744129286,20.6639783197718,19.7989898732233,26.153393661244,44.1701256507156,35.8189893771446,26.9814751264641,15.3297097167559,34.2198772645373,24.8797106092495,19.0787840283389,38.0131556174964,17.8044938147649,24.5356882927706,0,11.8743420870379,9.64365076099295,12.7671453348037,8.66025403784439,11.8321595661992,27.4226184016042,11.9582607431014,17.1172427686237,27.1108834234519,15.52417469626,16.4924225024706,21.0237960416286,23.8537208837531,44.698993277254,37.6828873628335,29.2745623366089,44.181444068749,24.2280828791714,25.7875939164553,29.2916370317536,39.3954312071844,44.3959457608462,35.7071421427142,44.9221548904324,34.6987031457949,45.5850852801659,33.9263909073747,35.8050275799363,46.0217339960154,58.9236794506249,36.2629287289375,42.6614580154031,45.5850852801659,62.497999967999,134.231143927183,43.058100283222,58.7877538267963,45.0998891351187,53.7121960079831,62.777384462878,46.7867502611583,46.1627555503352,50.1697119784437,49.598387070549,56.7097875150313,48.7749935930288,60.3738353924943,53.3291665038935,60.3324125159934,62.497999967999,53.5630469633683,53.9444158370447,56.2138772902208,60.9343909463285,60.1747455333215,62.4099351065197,62.8490254498827,63.4350061086148,64.7147587494538,66.7233092704491,62.9126378401033,70.668238976219,71.9235705454061,71.7216843081644,70.6257743320383,75.8287544405155,68.7749954561976,69.0724257573165,76.8765243751303,76.9285382676676,74.2024258363566,83.3966426182733,99.7997995989972,80.6845710157772,78.4091831356506,81.067872798045,95.5353337776134,90.0111104253247,83.4925146345467,82.1096827420494,84.303024856763,88.7749964798648,92.2659200355147,89.4259470176302,86.4522989862039
"16",51.9615242270663,22.8910462845192,22.0227155455452,27.8747197295327,45.0998891351187,37.0675059857013,28.5482048472404,17.8885438199983,35.2420203734122,26.4952825989835,21.142374511866,38.6005181312376,19.94993734326,25.9036676939772,11.8743420870379,0,13.0384048104053,15.0332963783729,12.4096736459909,14.1067359796659,28.2311884269862,14.6969384566991,18.9208879284245,28.1069386451104,17.0293863659264,18.2482875908947,21.9772609758359,24.5356882927706,45.0222167379617,37.3764631820615,29.3598365118064,44.034077712608,24.6170672501823,26.4196896272458,29.748949561287,39.2810386828047,44.2944691807002,36.2491379207837,45.1109742745598,34.9714169000914,45.902069670114,34.2636833980236,36.0693775937429,45.7055795281058,58.8982172905089,36.4142829120662,42.8135492572153,45.7274534606947,62.3778806950028,134.108165299507,42.9301758673314,58.6600375042499,45.066617356975,53.5537113559835,62.6258732474047,46.6690475583121,45.8693797647189,49.9399639567351,49.2848861214064,56.3471383479232,48.4767985741633,59.9499791492875,53.0565735795292,59.9749947894954,62.2976725086901,53.4415568635496,53.6749476012786,55.9910707166777,60.4979338490167,59.84981202978,61.9838688692469,62.3778806950028,63.2060123722419,64.1326749792959,66.3098786004016,62.5379884550183,70.2353187506115,71.3161973187017,71.2811335487869,70.0785273817879,75.3724087448451,68.3447144993671,68.629439747094,76.3085840518614,76.1642960973185,73.6274405367999,82.6438140455775,98.7775278087076,79.9812478022192,77.9166221033741,79.968743894099,94.7839648885823,89.3476356710126,82.8975271042508,81.5781833580523,83.7973746605465,88.034084308295,91.6733330909267,88.6340792246414,85.842879728024
"17",52.0768662651661,22.1810730128188,21.4709105535839,27.2946881279124,44.4522215417857,36.7695526217005,27.8028775489157,16.7332005306815,34.6410161513775,25.6515106767613,20.1246117974981,38.3405790253616,18.5472369909914,24.9599679486974,9.64365076099295,13.0384048104053,0,12.9614813968157,9.16515138991168,11.6189500386223,27.2946881279124,11.4891252930761,16.7332005306815,26.6458251889485,14.6287388383278,15.5884572681199,20.2731349327133,23.0651251893416,44.3057558337514,36.9729630946723,28.49561369755,43.9203825119955,23.1084400165827,24.5356882927706,28.1957443597434,38.379682124791,43.4971263418631,34.6121365997536,43.7835585579793,33.6005952328229,44.5757781760453,32.5269119345812,34.4818792991333,44.7772263544762,58.0775343829264,34.8998567332303,41.3158565202272,44.2831796509691,61.5386057690617,133.689939786059,41.6533311993171,57.680152565679,43.5775171390018,52.4404424085076,61.660360037872,45.254833995939,44.407206622349,48.5180378828328,47.927027865287,55.2901437871163,47.0319040652194,58.9576118919347,51.7010638188423,58.9151932866217,61.0163912403872,51.8266340793998,52.1248501196886,54.5435605731786,59.2790013411157,58.3952052826257,60.7289058027559,61.1146463623901,61.8142378421024,63.0158710167526,65.0307619515564,61.0655385630881,69.0579466824782,70.2566722810012,69.9928567783885,68.8258672302791,74.2361098118699,66.9701426010129,67.2011904656458,75.1065909225016,75.2130307858951,72.3671196055225,81.7924201867141,98.4428768372806,79.012657213892,76.5571681816928,79.2906047397799,94.0212741883453,88.4024886527523,81.6823114266486,80.2184517427256,82.4984848345714,87.0172396712284,90.5207158610668,87.6241975712189,84.5754101379355
"18",52.1152568831815,23.6220236220354,23.1732604525129,28.2665880502051,45.2990066116245,37.5233260785874,29,18.7616630392937,35.4964786985977,26.2678510731274,20.9045449603669,38.6781592116274,19.8494332412792,25.9036676939772,12.7671453348037,15.0332963783729,12.9614813968157,0,11.7473401244707,13.3041346956501,27.7668867538296,13.4164078649987,17.832554500127,27.3130005674953,15.7480157480236,16.8226038412607,20.8086520466848,23.2379000772445,44.2379927211893,36.6469644036174,28.5306852353742,43.7149859887888,23.7486841740758,25.0998007960223,28.5482048472404,38.4317577011513,42.8252262107277,34.6698716467194,43.9886348958455,33.8673884437522,44.5084261685358,32.4653661614959,34.3074335968169,44.3057558337514,57.2101389615512,34.8425027803687,40.7798970082074,44.0113621693308,60.8194047981399,133.180328877804,40.6324993078201,57.157676649773,43.0697109347161,51.8844870842914,60.8933493905533,44.8998886412873,44.0227214061103,47.7074417675063,47.3814309619285,54.3599116997075,46.6261729074991,58.0689245638319,51.0783711564885,58.2494635168428,60.2909611799314,51.3809303146605,51.7010638188423,54.1017559788959,58.3266662856707,57.6194411635517,59.9833310178753,60.1747455333215,60.802960454241,61.7332973362026,64.2572953056694,60.4896685393465,67.9632253501848,69.3685807840985,69.476614770727,68.1102048154313,73.4642770331268,66.3098786004016,66.6633332499958,74.2091638546076,74.2495791233863,71.5471872263334,80.9938269252663,97.923439482077,78.1984654580894,75.9802605944465,78.5047769247197,92.854725243253,87.2639673633969,80.9197132965756,79.5047168412038,81.7557337438788,85.9883713068226,89.7886407069402,86.8562030024339,83.8868285251028
"19",52.2494019104525,22.9782505861521,22.113344387496,27.9105714739057,44.9444101084885,36.9323706252388,28.2665880502051,17.0880074906351,34.9857113690718,25.219040425837,20.0748598998847,38.2099463490856,18.4390889145858,24.8797106092495,8.66025403784439,12.4096736459909,9.16515138991168,11.7473401244707,0,10.1488915650922,26.5518360947035,9.59166304662544,15.1657508881031,25.8456959666402,12.8840987267251,13.6747943311773,18.4661853126194,21.6794833886788,43.3474336033865,36.1524549650504,26.7955220139485,42.3438307194803,21.2602916254693,22.5831795812724,26.5518360947035,37.2155881318568,42.2610932182309,33.0151480384384,42.8602379834737,32.0468407179241,43.2319326424346,30.6267856622271,32.3882694814033,43.3243580448689,56.8066897468951,32.86335345031,39.560080889705,42.6028168082816,60.2577795807313,133.112734176712,39.5094925302768,56.098128311023,41.5812457725836,50.7543101617981,60.2328813855024,43.2434966208793,42.3556371690947,46.5832587954085,45.9673797382448,53.4883164812653,44.8776113446337,57.0788927713213,49.5883050728698,56.9824534396335,59.2030404624627,49.6588360717405,49.9699909945959,52.4690384893796,57.0087712549569,56.3560112144215,58.6174035590114,59.0677577024894,59.5734840344259,60.8687111741328,62.9523629421486,58.8982172905089,67.0298440994756,68.2788400604463,68.0661443009665,66.7757440991862,72.2564875980005,64.7996913572897,65.0230728280354,73.109506905737,73.2325064435186,70.1925922017416,79.8373346248483,96.8555625661221,76.9480344128425,74.5050333870135,77.1945593937811,92.2713389953782,86.4580823289529,79.6366749682582,78.1216999303011,80.4238770515324,85.0411665018772,88.5776495511142,85.5803715813387,82.4317899842045
"20",53.0565735795292,24.7184141886165,23.7486841740758,29.1204395571221,45.7930125674212,38.1182371050918,29.563490998189,19.0525588832576,35.8747822293042,26.9629375254255,21.7255609824004,39,19.723082923316,25.6515106767613,11.8321595661992,14.1067359796659,11.6189500386223,13.3041346956501,10.1488915650922,0,27.0924343682881,11.3578166916005,16.4620776331543,26.3248931621764,13.8202749610853,14.8996644257513,19.4422220952236,22.2036033111745,43.8634243989226,36.1939221417077,27.1845544381364,43.1045241245046,21.7025344142107,22.8691932520585,26.6082693913001,37.3363094051889,42.1781934179263,33.1813200460741,42.871902220452,32.1558703816271,43.2203655699486,30.6757233003559,32.5269119345812,43.4511219648009,56.7097875150313,32.6955654485436,39.319206502675,42.4970587217516,59.7829407105405,133.003759345366,39.2173431022552,56.0357029044876,41.424630354416,50.5074251966976,59.9749947894954,42.8368999812078,41.9642705167146,45.9891291502677,45.3431361950185,52.9528091794949,44.328320518603,56.7362318100171,49.0917508345343,56.6921511322335,58.7877538267963,49.1833305094317,49.4165964024233,52.0192272145598,56.7186036499489,55.7763390695374,58.1979381078058,58.4636639289739,59.194594347795,60.398675482166,62.497999967999,58.3266662856707,66.5432190384565,67.7126280689208,67.4981481227448,66.2721661031236,71.7216843081644,64.1248781675256,64.3350604258673,72.525857457875,72.4292758489273,69.5844810284592,79.2906047397799,96.2185013393994,76.1839878189636,73.8647412504776,76.5898165554664,91.6024017152389,85.8020978764505,78.9366834874635,77.4080099214545,79.7433382797585,84.2080756222347,87.8806008172452,84.7761758986568,81.7557337438788
"21",57.7148161220323,35.2278299076171,34.2636833980236,37.7888872553824,50.9607692249636,44.7548880012005,38.7040049607273,31.2569992161756,42.7901857906693,36.2629287289375,32.7719392163479,44.1248229458204,31.8276609256791,35.0428309358705,27.4226184016042,28.2311884269862,27.2946881279124,27.7668867538296,26.5518360947035,27.0924343682881,0,26.4764045897475,28.5131548587665,35.8468966578698,27.2213151776324,28.1780056072107,30.1662062579967,31.6069612585582,45.7820925690384,39.6232255123179,34.3656805548792,46.0651712251241,31.7332633052449,32.4499614791759,35.6370593624109,42.5910788780937,46.8081189538738,40.4351332383115,47.7702836499847,39.5979797464467,49.152822909778,38.379682124791,39.648455203198,48.2907858705985,60.8769250208977,40.0374824383352,44.8553229840116,47.116875957559,63.4192399828317,133.701159306866,45.254833995939,59.648973168027,46.946778377222,55.2539591341652,62.8887907341205,47.8434948556227,47.6340214552582,51.0783711564885,50.2991053598372,56.5862174031804,49.8096376216491,60.3738353924943,53.7215040742532,60.4979338490167,62.1932472218649,54.0647759636531,54.1664102558034,56.4269439186635,60.5392434706612,59.5063021872474,61.3921819126833,62.5139984323511,63.2139225171164,63.9374694525831,66.1211010192662,62.3217458035315,69.5125887879311,70.8731260775197,70.7530918052349,69.7710541700496,74.6993975879324,67.7495387438173,68.1248853210044,75.3923072998831,75.5248303539968,72.8148336535901,82.0060973342836,98.5291834940288,78.7781695649245,76.668115928331,78.8416133777081,93,87.5214259481643,81.3818161507839,80.2496105909555,82.4803006784044,86.3075894692929,89.6939239859646,87.1148666990887,84.3208159353312
"22",53.7587202228625,25.8843582110896,24.9599679486974,30.0166620396073,46.5403051128804,38.6264158316559,30.2489669245083,19.8997487421324,36.3868107973205,27.5680975041804,22.248595461287,39.2428337406972,20.3960780543711,26.0192236625154,11.9582607431014,14.6969384566991,11.4891252930761,13.4164078649987,9.59166304662544,11.3578166916005,26.4764045897475,0,15.7480157480236,25.9229627936314,12.8840987267251,13.3041346956501,18.1383571472171,21.1187120819429,42.6262829718942,34.9428104193123,26,42.2965719651132,20.0997512422418,21.540659228538,25.475478405714,35.9861084308932,41.4969878424929,31.8747549010185,41.7252920900501,30.7083050655682,42.154477816716,28.9827534923789,30.8058436014987,42.1307488658818,55.7763390695374,30.886890422961,37.8549864614954,41.024382993532,59.1354377678901,132.351803916683,37.6164857476081,54.7813836992093,39.5347948015416,49.0917508345343,58.6515131944607,41.0609303352956,40.1248052954778,44.3846820423443,43.7378554572581,51.5072810387036,42.3792402008342,55.1361950083609,47.2546294028426,55.0181788139157,57.1226750073909,47.1805044483418,47.3814309619285,50.0099990001999,54.9545266561363,53.8887743412299,56.2849891178812,56.6127194188726,57.3846669416143,58.5064099052403,60.6382717431821,56.276105053566,64.6915759585435,65.9393660873381,65.6277380381192,64.3972049082877,70.0214252925489,62.1208499619894,62.3377895020348,70.6328535456412,70.7318881410641,67.5943784644847,77.5628777186613,94.8841398759561,74.4378935757857,71.7983286713556,74.5184540902453,89.9777750336159,83.9940474081348,76.9805170156709,75.3989389845772,77.7174369109018,82.3771813064759,86.0464990571958,82.9216497665115,79.6931615635871
"23",54.4242592967511,28.8790581563873,28.0178514522438,32.4191301548947,47.4763098818769,40.1497197997695,32.2955105239103,23.4520787991171,37.6031913539263,29.4957624075053,25,40.2243707222375,23.4946802489415,28.5131548587665,17.1172427686237,18.9208879284245,16.7332005306815,17.832554500127,15.1657508881031,16.4620776331543,28.5131548587665,15.7480157480236,0,27.8926513619627,16.6733320005331,17.1755640373177,21.0475651798492,23.2379000772445,43.7835585579793,35.8189893771446,28.2842712474619,43.2087954009366,22.6274169979695,23.6643191323985,27.1477439209965,36.783148315499,41.8807831827438,32.7108544675922,42.5793377120875,32.0468407179241,43.0697109347161,30.364452901378,31.7962261911693,42.5558456619064,56.1337688027448,32.1869538788622,38.4577690460588,41.4608248832558,59.016946718718,132.374468837461,38.1182371050918,55.0181788139157,40.1870625948202,49.6789693934969,58.5662018573853,41.3763217311544,40.7185461430047,44.7883913531174,44.0794736810684,51.234753829798,42.9185274677499,55.299186250794,47.6969600708473,55.0726792520575,57.2625532088816,47.4973683481517,47.8225888048734,50.1697119784437,54.8452368032084,54.0740233383831,56.4269439186635,56.8418859644893,57.2800139664787,58.38664230798,60.7206719330411,56.4535207050898,64.5832795698701,65.7723346096214,65.5820097282784,64.2105910267146,69.7352134864446,62.072538211354,62.449979983984,70.3917608815123,70.6328535456412,67.4314466699329,77.2010362624751,94.6519941681104,74.1552425658496,71.505244562899,74.1956872061982,89.3420393767682,83.2886546895794,76.8635154023025,75.2529069205968,77.4725757929863,82.0243866176395,85.4166260162505,82.6559132790873,79.4040301244213
